88
0 0 0 H
1 0 0 V
4 0 4 H
6 5 3 V
8 4 6 H
10 11 6 V
12 10 13 H
14 16 10 V
16 15 17 H
18 19 17 V
20 18 19 H
22 26 18 V
24 25 25 H
26 32 24 V
28 31 30 H
30 39 28 V
32 34 32 H
35 42 30 V
38 42 33 H
40 46 32 V
42 45 38 H
44 48 38 V
46 46 45 H
48 51 44 V
50 50 48 H
52 56 48 V
54 55 50 H
56 58 49 V
58 57 54 H
60 64 53 V
62 63 56 H
64 71 48 V
66 71 52 H
68 73 51 V
70 73 57 H
72 75 57 V
74 75 59 H
76 81 58 V
78 79 61 H
80 87 61 V
82 86 67 H
84 92 67 V
86 91 70 H
88 96 69 V
91 95 72 H
93 102 72 V
95 101 76 H
97 105 71 V
99 103 74 H
2 111 73 V
5 107 81 H
9 113 80 V
13 112 86 H
17 116 82 V
21 116 88 H
25 124 88 V
29 120 93 H
33 128 93 V
36 127 100 H
39 132 100 V
43 132 105 H
47 138 104 V
51 135 110 H
55 142 103 V
59 141 105 H
63 147 104 V
67 146 109 H
71 152 108 V
75 151 114 H
79 158 114 V
83 157 122 H
87 165 119 V
90 164 124 H
94 168 124 V
98 168 131 H
3 175 130 V
11 175 135 H
19 177 134 V
27 170 141 H
34 172 138 V
41 171 146 H
49 174 146 V
57 174 149 H
65 182 141 V
81 181 145 H
89 184 141 V
96 183 142 H
7 188 134 V
