61
0 0 0 H
1 1 0 V
3 1 5 H
5 8 5 V
7 6 11 H
9 6 11 V
11 6 25 H
13 13 24 V
15 12 28 H
17 16 27 V
19 16 34 H
21 22 34 V
24 20 42 H
26 20 42 V
28 19 52 H
30 27 50 V
32 26 50 H
34 33 50 V
36 32 56 H
38 39 55 V
40 39 58 H
42 51 58 V
44 50 64 H
46 53 63 V
51 52 67 H
53 57 67 V
55 49 77 H
58 51 77 V
60 43 85 H
62 56 85 V
64 56 91 H
66 58 91 V
68 58 103 H
70 64 103 V
72 63 114 H
74 68 113 V
76 67 120 H
78 70 119 V
80 69 129 H
82 72 128 V
84 71 138 H
86 74 138 V
88 74 140 H
90 78 139 V
92 78 142 H
94 85 141 V
96 83 148 H
98 89 146 V
100 89 153 H
102 92 152 V
105 92 158 H
107 104 158 V
109 103 160 H
111 112 160 V
113 109 164 H
115 110 163 V
131 110 171 H
133 114 166 V
135 113 169 H
137 122 167 V
139 116 167 H
